8987 5379 6342 4603 0 5791 7314
6091 1776 5782 7034
2829
6127
7556
524 5568 6590 5884
6159
4583
9181
1559 9933
1972
1947
5667
9218


6189
853
4412
5021 6429 1899 7457
8819
368
8109
4653
3451
3417
3059
8933
4524
743
1281
8335
8542
7988
7722
5273
8858
6121
7567
8902
49
4566
179
1936
8506
3459
7587
907
3368
3940
4822
4977
1421
5550
1313
3333
8117
3303
7641
6840
9122
7669
4471
8955
2338
4914
5053
2260
8899
7677
6715
2021
2919
8209
9390
4225
1796
181
8872
9021
8324
2924
7856
7955
6042
9435
9802
6539
1338
1962
4500
3768
2195
6728
7386
5060
5367
1063
9497
7684
1528
5236
1232
9006
8898
1388
9756
12
9228
7539
59
4930
7621
8624
7462
2618
9150
3895
3813
1308
569
551
6652
2698
9179
2551
4234
9772
9214
2954
5340
3317
9904
1703
1434
2274
6682
8179
2245
3058
1360
9958
1233
8355
1155
7637
5528
795
5821
7753
1839
1486
1659
7373
364
8794
8969
675
1222
3881
8571
7335
3516
1312
6309
1521
7770
347
6620
1682
6190
2422
9503
3996
1340
2506
3073
6815
8458
7276
9292
1729
2806
4639
5640
1017
1898
9204
4481
6505
1255
5763
8315
3929
3526
6996
9365
9485
3529
9786
6403
3589
289
5736
3681
1860
6059
613
967
5128
9157
360
3584
6304
5732
868
5710
5223
783
4292
7525
8518
9224
4812
8202
9610
3069
8980
2297
8042
5820
3926
2754
2090
4259
1396
8046
4022
2134
6970
540
8586
7487
5011
124
498
6226
3850
5100
723
1783
4916
7625
8944
1648
7982
7888
5590
3465
297
81
2215
846
2305
379
8004
19
9117
9797
417
197
7084
1043
7686
32
428
5054
6593
7301
5368
1237
5771
5218
127
8804
84
4500
8365
1530
2846
7490
9441
7917
8711
1993
886
2433
3368
9336
7685
4729
6649
6621
3959
1244
8444
6748
1432
2399
269
6503
1474
4395
280
3367
9911
6348
5486
5936
7647
5830
9618
9426
8456
5115
7090
8036
72
6429
163
9529
7178
7343
5856
9412
4580
4232
991
7721
6355
596
9383
2350
6367
2379
7284
9841
5928
8206
8537
6335
1052
2504
7057
1536
9528
7955
9708
7321
2062
4984
9299
27
9291
5147
2862
2842
2954
1127
8850
5422
2009
6808
4081
6124
2904
3729
6950
5210
9759
2183
6143
9114
8228
4043
6042
5849
253
5994
6761
4850
5644
1805
1087
973
8189
865
709
9934
4310
5084
8285
7205
7483
6882
9086
4427
5363
5729
3378
1776
570
8593
9250
4324
5407
3943
5325
2254
8025
6532
5193
8606
7713
3950
8377
6836
8701
3740
1081
3168
1892
1500
4762
4286
606
2122
7818
9908
7525
2926
9444
7398
4285
9051
3793
1574
7764
5776
1120
7369
3173
8050
5404
5975
3518
8067
5542
9676
2622
2002
6619
4892
294
7084
5425
5857
9125
2362
2726
4340
688
5386
253
3788
337
2587
8464
2532
3376
7522
5057
3784
8574
9811
9262
2685
9917
4116
6607
6376
4794
7467
8097
5350
5171
6862
1039
8736
226
8167
2298
2902
6640
8142
5788
2336
5984
8418
5306
3493
3311
3682
595
4289
4677
5691
9107
9415
415
71
7375
5939
7372
5403
504
5630
2651
7445
2030
3541
2813
5795
4278
8270
1011
3743
7637
713
9134
699
7981
6856
3109
358
8390
2036
3512
6552
8993
2567
2172
5578
9507
5082
4428
5990
3614
8722
8149
9631
443
2996
8946
3714
4857
2535
6228
8581
2805
7732
543
8157
5775
681
1961
6784
7763
3135
4030
2261
8205
336
8660
5021
6787
2353
2871
6892
8094
7672
2460
3921
3981
8825
5211
9036
6229
6996
6601
925
2231
5123
4370
4819
9689
3810
8
4945
7283
1137
7199
8860
3730
9211
9956
4683
9805
6413
4538
9582
6725
2292
3483
6219
9479
2600
492
3773
5661
235
9470
7217
7643
492
7560
8611
5105
9567
5433
857
3875
3920
9320
690
9159
7269
6081
9080
460
7764
8627
4346
1746
3093
4567
1095
5189
3506
9211
5404
7190
9231
7605
9296
7516
9859
1305
9529
4421
8808
126
8720
6924
5343
1692
9172
6915
3452
930
3416
1723
6887
5385
3177
4339
6763
7814
9683
7971
4176
9314
8829
6732
7255
4098
6717
3074
5624
378
5989
563
2890
5151
262
9170
7505
1705
3144
1131
8082
3414
6272
7828
5198
9614
3324
4613
7793
154
9932
7796
4172
6963
1041
346
8490
2921
2040
5797
5196
6582
7088
97
3826
3181
9299
9848
1136
2754
8996
6328
9847
925
6029
3622
7560
6710
8690
9668
483
8338
5055
9754
5894
7131
3437
4789
9932
8776
7281
8626
9904
537
1494
6965
4599
4443
9355
237
6982
1873
573
2949
3033
6431
2227
3970
9379
7739
5579
5720
2379
8270
9862
9744
5434
358
4018
8224
5818
5569
6249
8139
3563
2133
9301
3555
1326
2715
8977
4067
6248
4570
1801
2747
4586
3002
1152
5334
8522
6340
5499
5081
4878
545
1171
3205
270
7468
3858
2404
6491
6873
8699
5746
6057
2661
3202
3750
3618
2497
1626
49
6327
3865
8130
6139
2604
5629
4769
3898
8363
7868
928
5217
5153
6987
9708
7857
964
6466
3303
8031
3382
3275
3190
5238
4234
4994
4919
478
1476
7743
2590
4154
6658
6342
5436
2951
6708
4047
3348
2573
3291
756
4713
7770
9188
9207
9016
8440
4030
2900
4904
6851
4818
4010
1491
8538
1309
1393
1886
6312
2231
5321
2290
6990
6157
3074
2757
8927
2959
3426
4918
8839
9633
2647
8235
8027
8282
873
6949
9999
9685
2777
6437
3499
28
7488
90
8814
1100
7697
888
4266
9438
8023
3258
-999

7828 3093
1972
42 2110 7269
2754
9080

404
6996
-999


