2954
1385
1365
4021
2623 4230 8566 1899 5896
-425
-246
2974 -70 2561 4161
338
287
9380
374
5872


6536
2458
2797 4953 6662
2534
6260
6648
201
386
305
9413
6146
6624
1626
9013
736
-617
-738
1495
1176
8606
6464
2389
9457
7642
2394
-251
8363
5377
1631
4201
724
280
2959
3642
-799
2100
4234
5933
-217
9924
289
497
5110
7141
6847
-186
1
7987
8488
7316
8805
-808
392
4968
3868
1060
9000
1117
2242
6312
3549
6087
1089
1149
888
4740
8502
4335
3061
6460
13
8685
962
7214
880
3349
5517
6136
6680
7708
191
3048
2536
4107
5829
8478
9855
646
6038
-299
2476
1729
9993
2017
3257
7491
2817
9974
1394
5163
7941
5578
8103
3361
-374
164
5031
1189
4561
1813
4583
4057
4669
-153
-510
7013
4714
3291
7174
8856
6627
-98
3891
1878
6202
3192
7866
5791
7589
1748
8194
6250
3236
4317
6812
1806
9848
235
5078
-165
9023
4667
502
3184
9077
6311
6958
5416
3282
-308
8113
4838
844
9349
9030
-244
2687
6224
1655
-348
4014
-338
624
8342
1697
5077
8452
1283
4338
3022
-753
643
1487
9198
9254
6592
6091
7605
2884
8444
2791
5876
5083
2243
1011
1688
8758
5622
887
3205
3042
534
8187
3136
510
9562
2259
743
7654
8439
9180
-391
142
-235
9800
7907
2899
3662
4063
7622
5340
5967
7432
1476
5740
5197
3686
6888
2019
968
-79
2636
9899
8884
2126
4527
859
6793
-891
7939
9478
1294
2316
1750
5975
8370
1938
1615
1956
3140
1037
6116
2911
1026
8663
5260
3589
2157
121
7495
6231
7412
6978
3636
-709
8664
6084
1888
8292
8369
9567
812
8953
3724
-101
4510
643
2729
-788
3237
595
2498
8096
7635
-8
-90
5371
4995
9977
3046
2236
427
3383
9152
8327
4820
8109
380
7919
244
6454
3355
1306
733
8379
8447
5756
7077
4059
948
7336
5486
9063
4291
4166
1879
7828
9660
-129
3682
3640
8954
8806
-399
8586
5553
8908
446
5579
8376
2289
-585
7218
1393
-73
1034
-33
2158
5003
6162
5603
6875
3697
9392
5098
9786
8312
5560
754
2322
4339
2006
9712
2706
7035
4101
5962
8038
5120
995
6918
4392
9735
9924
270
1975
3000
1492
873
8723
6919
1213
4322
4190
2735
-369
2363
4352
608
-557
6710
8531
1281
3572
9935
1164
8051
6528
7924
1639
838
1765
9733
1778
3833
3423
8913
9859
3236
-726
-325
6519
8289
-631
7642
9202
1242
9224
8808
1380
7376
8796
8851
9458
7520
7330
6084
4955
-882
1071
9063
-192
5490
7173
2413
2136
1187
-883
-110
4437
2925
5704
9216
7245
-998
5744
5128
4791
5969
4866
3289
471
390
4592
7712
8531
-166
320
6531
7785
849
7715
9389
8489
1154
2734
2908
3855
-123
3207
-516
5119
8328
1257
8074
7688
4092
7692
779
5579
9401
3199
9498
2259
6736
6260
2392
237
8921
977
731
-630
5467
4231
-125
631
3229
6168
2027
5552
3240
7796
4817
701
9080
6286
-715
1279
2885
8552
8700
9225
3959
1365
952
3905
3768
8661
6119
1439
1251
-62
2387
8843
6231
8387
3409
5952
6989
7916
3534
6683
4436
9107
3372
8162
-752
4819
366
2888
3146
6923
5997
4880
3978
3680
2051
5726
4046
930
8247
-64
7446
6701
5428
2213
5584
639
9343
6642
4105
636
4699
3386
9629
854
5291
6931
2086
8823
4030
6973
5779
2459
3242
7596
3174
6629
4508
3739
3937
1132
3992
6998
-588
3608
8792
6460
8193
3879
9603
9058
1296
3599
8045
4889
1778
5935
6912
437
3040
6534
1059
5232
6641
2616
4203
9310
478
1319
4878
-730
5403
7863
5137
2376
2611
2539
4058
7265
5028
7107
96
3823
1581
2182
4777
7609
2632
3997
8366
8552
6541
-827
4402
3206
6248
2557
1135
7390
8552
1504
6904
1427
1420
3974
3998
957
7320
-840
6804
-496
8916
645
6188
5896
3286
2006
2201
6257
2165
7603
6221
7181
2059
7401
1617
1414
5612
8111
1302
-32
5882
6234
132
4175
1360
1802
7066
5505
7556
5001
6234
7992
8920
5136
8706
2611
8049
2804
156
375
7147
576
3550
2652
6081
1420
1815
8718
5495
-471
8049
1980
4708
7146
1164
4353
7877
9788
1114
2355
3693
1394
-378
1900
629
1047
6668
5801
-49
4899
8656
3173
4809
-291
3904
2758
9374
5545
6866
5220
-147
3815
764
9800
6914
4410
9989
492
2868
9929
6356
4032
2592
-704
-364
-178
332
7718
7798
1440
1480
-201
-164
4813
261
9008
6970
3592
2169
5441
2263
4315
5453
3331
-769
-112
-104
7654
657
1319
7044
-402
8463
6890
3720
299
6448
5606
985
1015
3525
5334
1458
3049
9141
3615
8156
6081
2287
3918
-611
8203
-469
5946
-300
6338
7881
9415
1580
5622
4581
7223
5395
4214
8343
7053
2343
8667
8616
5303
2369
6684
3772
9119
8645
7123
9956
4014
8585
8552
7346
461
8004
5076
3446
316
6999
4794
6477
985
4503
1564
2624
7120
6922
7057
461
9107
1537
4398
26
7894
-536
-598
-74
2925
9559
1478
1606
7109
2979
1540
9080
6928
1039
8695
1367
4933
96
1587
6563
5239
2842
6930
6610
2880
6592
1982
8557
3173
6463
1749
4516
-250
-545
3720
8422
9248
4011
-867
-841
7289
7549
4164
1138
7741
524
5180
9258
6456
8272
3693
4290
5214
3946
5986
5817
3884
-358
8175
9978
2918
-1
9058
992
6209
2358
8407
6514
521
3836
1658
2618
7793
3336
7886
6876
-811
8573
4317
8320
9358
1925
2555
7861
3817
-71
3843
7749
7141
3964
570
2645
1271
4543
9927
2430
4663
6348
6327
8835
5789
3417
6163
2259
6530
9539
9310
7172
1606
9931
3017
-471
-629
6729
7534
4444
6677
8012
9780
6686
4123
8831
8551
3158
9981
4469
5005
2557
7731
0
1368
6472
-889
6174
9852
8117
6063
492
1060
7512
6271
9959
8515
5244
4731
6176
8766
799
1299
7928
8422
2391
2497
3067
4943    -999


9310
-90
3000
27
9080 13 1242
1015
1776
9993 191
-217
0
-800
1024
-998                               -999
