3617
4465
1487
7815
8777
5729
8794
5978
5125
3615
3532
615
3130
8282
3645
6249
6895
8801
5680
8271
9615
9625
9133
9850
6240
6465
6326
7111
8257
8363
7865
3177
6888
9733
4671
6456
4017
4187
9468
2440
7349
7525
5239
2658
5117
5864
6624
3809
1339
7483
4934
8235
2156
1429
7257
6899
5637
6276
853
9787
7193
2209
5096
3416
8698
9549
9629
9490
8160
2699
931
8480
4364
5390
6852
9866
8030
6228
910
6204
9945
2369
8829
3998
1851
9248
2016
9786
8748
7425
3442
5276
7753
83
748
2178
524
7557
6329
1847
-999



5864
6899
4671
910
1847
8030
1234
4321
8502
7111
-999