-281
-5241
-4783
-689
-6718
9472
-4676
870
-7918
9753
-8042
-5182
1070
-2203
8819
3276
5053
-3867
-5199
-5173
-2325
-7280
9566
-1287
-6734
-1256
7067
-6811
-6129
-3315
-5090
-9048
-2674
-6820
-1417
8211
-269
-6417
6789
7230
9912
6803
-9361
-1324
-6884
-5331
-4316
-8959
-6120
6455
1342
8620
-5780
4483
-6948
-3208
-4151
8832
-2601
2971
-4640
790
-9262
4569
-5170
-3904
3292
-5547
636
-8093
2525
7952
-3043
4580
4592
-3913
-7944
-4312
3931
-4615
7362
8668
-6446
-3341
3993
388
7265
-3463
1015
7926
3142
7839
6310
-6209
5262
-4278
231
5463
-6751
-3467
-2178
-4066
-8249
-1580
8930
2659
-8380
-2085
-6021
4130
-4706
-6978
2862
-7344
8738
1984
-8745
-7817
8799
4232
-9726
-5486
-1643
6506
1718
-4944
-7565
-2685
3016
-1098
1910
5183
6903
-4239
-6121
3936
-8711
-4865
9265
9705
5340
-3444
1001
5666
4741
4201
-1717
-2126
2056
4410
6905
2715
5633
-416
-9602
-9999
-2256
-5686
206
2949
4381
3545
-6449
3960
488
-5564
-3293
9304
5088
583
-1855
705
6422
-3552
-5468
-4136
-1033
-5810
-1602
5630
4934
-2834
1105
-5932
42
-2725
-2607
-2297
-2536
7477
5734
-5429
1746
1832
-1561
5067
-9077
-4720
-5703
-6941
-5606
-7577
-7998
-6895
1892
4403
-1331
5895
6999
1623
4463
5390
-6288
9181
-7704
9558
-745
-9031
5847
-9473
1182
1884
4695
1861
8936
-6671
-6485
-6352
-5255
7439
-760
-1363
8883
478
-7573
-7715
3809
-9743
2302
4717
-5808
-1166
-8344
9334
3706
-6405
3475
8
9012
3993
-6398
-6334
-5167
7649
-6011
1507
-5177
2424
8199
4752
6011
4893
932
5651
4038
8794
7277
6023
-4191
5529
6005
8602
-9832
4568
9267
-8918
3373
-8873
-5480
2707
-1301
8585
-8233
-5071
3510
9129
1054
2744
-8166
118
-5237
-719
8027
-8372
-1099
-6321
5792
588
-214
2183
104
-581
3415
-70
-2129
5503
2952
-2440
3966
-4582
-5528
-8563
174
-7953
434
305
-9664
4262
-1461
9609
-9789
-9585
-3634
-5998
7000
1897
2306
3382
378
-7412
-9784
5469
-8788
4624
-5864
3387
5298
-6808
9244
-6603
-3598
9397
-4110
-787
-5175
-2108
1495
4818
2274
8348
8951
-4690
6084
-6928
2954
-2568
-2804
-2600
2850
-8396
-3117
-2852
9488
-7302
-7383
-9745
-6332
-6633
-4058
8864
9193
8116
2674
4859
-8882
6146
4572
-1685
-9024
2318
-1120
-357
5281
3948
-7445
-3122
2757
2680
-8835
4446
-4390
-9316
6965
-8770
4892
2350
924
7880
1650
-3859
-502
7987
5391
7995
-2877
980
5157
5896
3410
-5607
-1985
8839
4211
-7647
3434
6662
-8207
-9822
1200
-40
2030
4690
3186
8654
-8557
8891
5833
-3274
8564
-7064
7382
-1801
-6855
-1642
1948
-5854
2191
-9840
7801
-9301
-7660
-9215
-3253
1136
-3711
-8964
-8992
9541
-6117
5080
-5197
6429
-2768
-8435
-3350
2803
997
-9507
5526
8032
644
5177
3064
-1397
817
-5461
4405
-8146
8818
1349
-9232
8117
1491
5473
-9260
-9275
-3337
8972
-714
-9294
5692
5392
7913
-9954
381
1503
-515
-4341
-4331
-7453
-8201
-6402
-7236
7458
-7904
3496
4720
9217
-9056
5177
571
9617
-5290
2918
-4550
-3043
4328
4343
1631
-8578
-9937
9041
5591
2018
-1822
5101
-958
-1536
-9360
-5665
5674
2300
-6894
559
-502
7133
1194
657
3432
7851
-6322
-8923
413
-9653
-6291
4330
-5192
2342
-796
-2711
-6549
2949
-9246
-8570
3126
4980
3551
4520
-1194
3338
-1199
7137
8336
-7852
2992
8995
-6521
-9220
7867
7884
-1852
-9769
-7163
-9638
-961
-6604
-1932
4427
725
-7825
2437
-3747
3517
-1699
-1569
-6820
-3436
6035
-4683
5906
8271
-1683
7438
-9831
5831
5904
4773
-1019
-2912
-8047
8604
-1378
513
4897
-2118
-9891
9236
-1753
8802
-3981
7255
966
-7062
3921
6729
-3932
4250
-3748
-679
-2453
9884
3738
2034
5379
6775
1731
9180
5659
4510
8363
-7238
-3773
2475
-7662
-4289
9216
-9563
3697
4177
-5696
2169
6797
9400
-3883
-8747
2816
-9303
-3509
7636
-3364
-2766
-4345
-63
-7906
-6119
-7229
-6716
-6928
-8069
-6447
-3613
4048
-2441
-3831
-111
-6678
4565
4364
-4311
-5640
4870
9644
-1040
-427
7996
-5413
-1168
5692
-1375
-7083
3585
-671
-1063
-2900
-596
5148
6586
-3356
-238
-4759
-8554
2161
1222
2733
1748
1797
3254
1202
-3798
9463
-8227
-439
-4613
-9608
4649
-2997
902
2541
-7878
7756
408
8945
4844
-9224
8515
-8976
6754
6048
-4819
3587
4283
-534
-7405
-3729
5786
8070
1791
5270
3456
8776
-9771
6202
6969
8881
9377
5535
504
-8500
3278
-9465
3689
-1896
4609
9689
3656
6838
2480
-1255
-3303
-1264
2082
4750
2581
-7621
6935
469
-1977
-6832
-6086
3086
8216
-6551
791
-9534
84
910
-8532
2315
4185
1693
3693
1373
-7891
2655
-3129
-1035
7140
-7544
6318
7689
8876
589
9662
-2607
-8070
-4579
-1670
1691
-1558
5064
8109
-223
-4271
8279
-6862
9762
3456
-4916
-9810
2934
-7550
4739
7286
-8388
-342
8709
7918
-56
1326
-5003
-999

7000
6586
3809
3551
42
-2440
-9220
-5810
-63
-999